50.000000
50.000000
110.000000
40.000000
100.000000
150.000000
60.000000
120.000000
40.000000
100.000000
150.000000
60.000000
120.000000
40.000000
100.000000
150.000000
60.000000
120.000000
40.000000
100.000000
150.000000
60.000000
120.000000
40.000000
100.000000
160.000000
160.000000
160.000000
160.000000
160.000000
160.000000
160.000000
160.000000
160.000000
160.000000
160.000000
160.000000
160.000000
160.000000
160.000000
160.000000
160.000000
160.000000
160.000000
160.000000
160.000000
160.000000
160.000000
160.000000
160.000000
160.000000
160.000000
160.000000
160.000000
160.000000
160.000000
160.000000
160.000000
160.000000
160.000000
160.000000
160.000000
160.000000
160.000000
160.000000
160.000000
160.000000
160.000000
160.000000
160.000000
160.000000
160.000000
160.000000
160.000000
160.000000
160.000000
160.000000
160.000000
160.000000
160.000000
160.000000
160.000000
160.000000
160.000000
160.000000
160.000000
160.000000
160.000000
160.000000
160.000000
160.000000
160.000000
160.000000
160.000000
160.000000
160.000000
160.000000
160.000000
160.000000
160.000000
160.000000
160.000000
160.000000
160.000000
160.000000
160.000000
160.000000
160.000000
160.000000
160.000000
160.000000
160.000000
160.000000
160.000000
160.000000
160.000000
160.000000
160.000000
160.000000
160.000000
160.000000
160.000000
160.000000
160.000000
160.000000
160.000000
160.000000
160.000000
