160.000000
160.000000
220.000000
150.000000
210.000000
260.000000
170.000000
230.000000
150.000000
210.000000
260.000000
170.000000
230.000000
150.000000
210.000000
260.000000
170.000000
230.000000
150.000000
210.000000
260.000000
170.000000
230.000000
150.000000
210.000000
270.000000
270.000000
270.000000
270.000000
270.000000
270.000000
270.000000
270.000000
270.000000
270.000000
270.000000
270.000000
270.000000
270.000000
270.000000
270.000000
270.000000
270.000000
270.000000
270.000000
270.000000
270.000000
270.000000
270.000000
270.000000
270.000000
270.000000
270.000000
270.000000
270.000000
270.000000
270.000000
270.000000
270.000000
270.000000
270.000000
270.000000
270.000000
270.000000
270.000000
270.000000
270.000000
270.000000
270.000000
270.000000
270.000000
270.000000
270.000000
270.000000
270.000000
270.000000
270.000000
270.000000
270.000000
270.000000
270.000000
270.000000
270.000000
270.000000
270.000000
270.000000
270.000000
270.000000
270.000000
270.000000
270.000000
270.000000
270.000000
270.000000
270.000000
270.000000
270.000000
270.000000
270.000000
270.000000
270.000000
270.000000
270.000000
270.000000
270.000000
270.000000
270.000000
270.000000
270.000000
270.000000
270.000000
270.000000
270.000000
270.000000
270.000000
270.000000
270.000000
270.000000
270.000000
270.000000
270.000000
270.000000
270.000000
270.000000
270.000000
270.000000
270.000000
270.000000
