820.000000
1340.000000
1970.000000
2480.000000
3110.000000
3620.000000
4250.000000
4760.000000
5390.000000
5900.000000
6290.000000
6680.000000
7070.000000
7460.000000
7850.000000
8240.000000
8630.000000
9020.000000
9410.000000
9800.000000
10190.000000
10580.000000
10970.000000
11360.000000
11750.000000
11810.000000
11810.000000
11810.000000
11810.000000
11810.000000
11810.000000
11810.000000
-48655.000000
-49425.000000
-50195.000000
-50965.000000
-51735.000000
-52505.000000
-53275.000000
-54045.000000
-54815.000000
-55585.000000
-56355.000000
-57125.000000
-57895.000000
-58665.000000
-59435.000000
-60205.000000
-60975.000000
-61745.000000
-62515.000000
-63285.000000
-64055.000000
-64825.000000
-65595.000000
-66365.000000
-67135.000000
-67905.000000
-68675.000000
-69445.000000
-70215.000000
-70985.000000
-71755.000000
-72525.000000
-73295.000000
-74065.000000
-74835.000000
-75605.000000
-76375.000000
-77145.000000
-77915.000000
-78685.000000
-79455.000000
-80225.000000
-80995.000000
-81765.000000
-82535.000000
-83305.000000
-84075.000000
-84845.000000
-85615.000000
-86385.000000
-87155.000000
-87925.000000
-88695.000000
-89465.000000
-90235.000000
-91005.000000
-91775.000000
-92545.000000
-93315.000000
-94085.000000
-94855.000000
-95625.000000
-96395.000000
-97165.000000
-97935.000000
-98705.000000
-99475.000000
-100245.000000
-101015.000000
-101785.000000
-102555.000000
-103325.000000
-104095.000000
-104865.000000
-105635.000000
-106405.000000
-107175.000000
-107945.000000
-108715.000000
-109485.000000
-110255.000000
-111025.000000
-111795.000000
-112565.000000
-113335.000000
-114105.000000
-114875.000000
-115645.000000
-116415.000000
-117185.000000
-117955.000000
-118725.000000
-119495.000000
-120265.000000
-121035.000000
-121805.000000
