930.000000
1450.000000
2080.000000
2590.000000
3220.000000
3730.000000
4360.000000
4870.000000
5500.000000
6010.000000
6400.000000
6790.000000
7180.000000
7570.000000
7960.000000
8350.000000
8740.000000
9130.000000
9520.000000
9910.000000
10300.000000
10690.000000
11080.000000
11470.000000
11860.000000
11920.000000
11920.000000
11920.000000
11920.000000
11920.000000
11920.000000
11920.000000
11920.000000
11920.000000
11920.000000
11920.000000
11920.000000
11920.000000
11920.000000
11920.000000
11920.000000
11920.000000
11920.000000
11920.000000
11920.000000
11920.000000
11920.000000
11920.000000
11920.000000
11920.000000
11920.000000
11920.000000
11920.000000
11920.000000
11920.000000
11920.000000
11920.000000
11920.000000
11920.000000
11920.000000
11920.000000
11920.000000
11920.000000
11920.000000
11920.000000
11920.000000
11920.000000
11920.000000
11920.000000
11920.000000
11920.000000
11920.000000
11920.000000
11920.000000
11920.000000
11920.000000
11920.000000
11920.000000
11920.000000
11920.000000
11920.000000
11920.000000
11920.000000
11920.000000
11920.000000
11920.000000
11920.000000
11920.000000
11920.000000
11920.000000
11920.000000
11920.000000
11920.000000
11920.000000
11920.000000
11920.000000
11920.000000
11920.000000
11920.000000
11920.000000
11920.000000
11920.000000
11920.000000
11920.000000
11920.000000
11920.000000
11920.000000
11920.000000
11920.000000
11920.000000
11920.000000
11920.000000
11920.000000
11920.000000
11920.000000
11920.000000
11920.000000
11920.000000
11920.000000
11920.000000
11920.000000
11920.000000
11920.000000
11920.000000
11920.000000
11920.000000
11920.000000
11920.000000
