110.000000
110.000000
110.000000
110.000000
110.000000
110.000000
110.000000
110.000000
110.000000
110.000000
110.000000
110.000000
110.000000
110.000000
110.000000
110.000000
110.000000
110.000000
110.000000
110.000000
110.000000
110.000000
110.000000
110.000000
110.000000
110.000000
110.000000
110.000000
110.000000
110.000000
110.000000
110.000000
60575.000000
61345.000000
62115.000000
62885.000000
63655.000000
64425.000000
65195.000000
65965.000000
66735.000000
67505.000000
68275.000000
69045.000000
69815.000000
70585.000000
71355.000000
72125.000000
72895.000000
73665.000000
74435.000000
75205.000000
75975.000000
76745.000000
77515.000000
78285.000000
79055.000000
79825.000000
80595.000000
81365.000000
82135.000000
82905.000000
83675.000000
84445.000000
85215.000000
85985.000000
86755.000000
87525.000000
88295.000000
89065.000000
89835.000000
90605.000000
91375.000000
92145.000000
92915.000000
93685.000000
94455.000000
95225.000000
95995.000000
96765.000000
97535.000000
98305.000000
99075.000000
99845.000000
100615.000000
101385.000000
102155.000000
102925.000000
103695.000000
104465.000000
105235.000000
106005.000000
106775.000000
107545.000000
108315.000000
109085.000000
109855.000000
110625.000000
111395.000000
112165.000000
112935.000000
113705.000000
114475.000000
115245.000000
116015.000000
116785.000000
117555.000000
118325.000000
119095.000000
119865.000000
120635.000000
121405.000000
122175.000000
122945.000000
123715.000000
124485.000000
125255.000000
126025.000000
126795.000000
127565.000000
128335.000000
129105.000000
129875.000000
130645.000000
131415.000000
132185.000000
132955.000000
133725.000000
