3710.000000
6700.000000
8890.000000
11080.000000
13270.000000
15460.000000
17650.000000
19840.000000
22030.000000
24220.000000
26410.000000
28600.000000
30790.000000
32980.000000
35170.000000
37360.000000
39550.000000
40720.000000
40720.000000
40720.000000
40720.000000
40720.000000
40720.000000
40720.000000
40720.000000
40720.000000
40720.000000
40720.000000
40720.000000
40720.000000
40720.000000
40720.000000
40720.000000
40720.000000
40720.000000
40720.000000
40720.000000
40720.000000
40720.000000
40720.000000
40720.000000
40720.000000
40720.000000
40720.000000
40720.000000
40720.000000
40720.000000
40720.000000
40720.000000
40720.000000
40720.000000
40720.000000
40720.000000
40720.000000
40720.000000
40720.000000
40720.000000
40720.000000
40720.000000
40720.000000
40720.000000
40720.000000
40720.000000
40720.000000
40720.000000
40720.000000
40720.000000
40720.000000
40720.000000
40720.000000
40720.000000
40720.000000
40720.000000
40720.000000
40720.000000
40720.000000
40720.000000
40720.000000
40720.000000
40720.000000
40720.000000
40720.000000
40720.000000
40720.000000
40720.000000
40720.000000
40720.000000
40720.000000
40720.000000
40720.000000
40720.000000
40720.000000
40720.000000
40720.000000
40720.000000
40720.000000
40720.000000
40720.000000
40720.000000
40720.000000
40720.000000
40720.000000
40720.000000
40720.000000
40720.000000
40720.000000
40720.000000
40720.000000
40720.000000
40720.000000
40720.000000
40720.000000
40720.000000
40720.000000
40720.000000
40720.000000
40720.000000
40720.000000
40720.000000
40720.000000
40720.000000
40720.000000
40720.000000
40720.000000
40720.000000
40720.000000
40720.000000
40720.000000
