3600.000000
6590.000000
8780.000000
10970.000000
13160.000000
15350.000000
17540.000000
19730.000000
-36475.000000
-36855.000000
-37235.000000
-37615.000000
-37995.000000
-38375.000000
-38755.000000
-39135.000000
-39515.000000
-40915.000000
-43485.000000
-46055.000000
-48625.000000
-51195.000000
-53765.000000
-56335.000000
-58905.000000
-61475.000000
-64045.000000
-66615.000000
-69185.000000
-71755.000000
-74325.000000
-76895.000000
-79465.000000
-82035.000000
-84605.000000
-87175.000000
-89745.000000
-92315.000000
-94885.000000
-97455.000000
-100025.000000
-102595.000000
-105165.000000
-107735.000000
-110305.000000
-112875.000000
-115445.000000
-118015.000000
-120585.000000
-123155.000000
-125725.000000
-128295.000000
-130865.000000
-133435.000000
-136005.000000
-138575.000000
-141145.000000
-143715.000000
-146285.000000
-148855.000000
-151425.000000
-153995.000000
-156565.000000
-159135.000000
-161705.000000
-164275.000000
-166845.000000
-169415.000000
-171985.000000
-174555.000000
-177125.000000
-179695.000000
-182265.000000
-184835.000000
-187405.000000
-189975.000000
-192545.000000
-195115.000000
-197685.000000
-200255.000000
-202825.000000
-205395.000000
-207965.000000
-210535.000000
-213105.000000
-215675.000000
-218245.000000
-220815.000000
-223385.000000
-225955.000000
-228525.000000
-231095.000000
-233665.000000
-236235.000000
-238805.000000
-241375.000000
-243945.000000
-246515.000000
-249085.000000
-251655.000000
-254225.000000
-256795.000000
-259365.000000
-261935.000000
-264505.000000
-267075.000000
-269645.000000
-272215.000000
-274785.000000
-277355.000000
-279925.000000
-282495.000000
-285065.000000
-287635.000000
-290205.000000
-292775.000000
-295345.000000
-297915.000000
-300485.000000
-303055.000000
-305625.000000
-308195.000000
-310765.000000
-313335.000000
-315905.000000
-318475.000000
-321045.000000
-323615.000000
