110.000000
110.000000
110.000000
110.000000
110.000000
110.000000
110.000000
110.000000
58505.000000
61075.000000
63645.000000
66215.000000
68785.000000
71355.000000
73925.000000
76495.000000
79065.000000
81635.000000
84205.000000
86775.000000
89345.000000
91915.000000
94485.000000
97055.000000
99625.000000
102195.000000
104765.000000
107335.000000
109905.000000
112475.000000
115045.000000
117615.000000
120185.000000
122755.000000
125325.000000
127895.000000
130465.000000
133035.000000
135605.000000
138175.000000
140745.000000
143315.000000
145885.000000
148455.000000
151025.000000
153595.000000
156165.000000
158735.000000
161305.000000
163875.000000
166445.000000
169015.000000
171585.000000
174155.000000
176725.000000
179295.000000
181865.000000
184435.000000
187005.000000
189575.000000
192145.000000
194715.000000
197285.000000
199855.000000
202425.000000
204995.000000
207565.000000
210135.000000
212705.000000
215275.000000
217845.000000
220415.000000
222985.000000
225555.000000
228125.000000
230695.000000
233265.000000
235835.000000
238405.000000
240975.000000
243545.000000
246115.000000
248685.000000
251255.000000
253825.000000
256395.000000
258965.000000
261535.000000
264105.000000
266675.000000
269245.000000
271815.000000
274385.000000
276955.000000
279525.000000
282095.000000
284665.000000
287235.000000
289805.000000
292375.000000
294945.000000
297515.000000
300085.000000
302655.000000
305225.000000
307795.000000
310365.000000
312935.000000
315505.000000
318075.000000
320645.000000
323215.000000
325785.000000
328355.000000
330925.000000
333495.000000
336065.000000
338635.000000
341205.000000
343775.000000
346345.000000
348915.000000
351485.000000
354055.000000
356625.000000
359195.000000
361765.000000
364335.000000
