6840.000000
11430.000000
16020.000000
20610.000000
-34955.000000
-35335.000000
-35715.000000
-36095.000000
-36475.000000
-36855.000000
-37235.000000
-37615.000000
-37995.000000
-38375.000000
-38755.000000
-39135.000000
-40785.000000
-45755.000000
-50725.000000
-55695.000000
-60665.000000
-65635.000000
-70605.000000
-75575.000000
-80545.000000
-85515.000000
-90485.000000
-95455.000000
-100425.000000
-105395.000000
-110365.000000
-115335.000000
-120305.000000
-125275.000000
-130245.000000
-135215.000000
-140185.000000
-145155.000000
-150125.000000
-155095.000000
-160065.000000
-165035.000000
-170005.000000
-174975.000000
-179945.000000
-184915.000000
-189885.000000
-194855.000000
-199825.000000
-204795.000000
-209765.000000
-214735.000000
-219705.000000
-224675.000000
-229645.000000
-234615.000000
-239585.000000
-244555.000000
-249525.000000
-254495.000000
-259465.000000
-264435.000000
-269405.000000
-274375.000000
-279345.000000
-284315.000000
-289285.000000
-294255.000000
-299225.000000
-304195.000000
-309165.000000
-314135.000000
-319105.000000
-324075.000000
-329045.000000
-334015.000000
-338985.000000
-343955.000000
-348925.000000
-353895.000000
-358865.000000
-363835.000000
-368805.000000
-373775.000000
-378745.000000
-383715.000000
-388685.000000
-393655.000000
-398625.000000
-403595.000000
-408565.000000
-413535.000000
-418505.000000
-423475.000000
-428445.000000
-433415.000000
-438385.000000
-443355.000000
-448325.000000
-453295.000000
-458265.000000
-463235.000000
-468205.000000
-473175.000000
-478145.000000
-483115.000000
-488085.000000
-493055.000000
-498025.000000
-502995.000000
-507965.000000
-512935.000000
-517905.000000
-522875.000000
-527845.000000
-532815.000000
-537785.000000
-542755.000000
-547725.000000
-552695.000000
-557665.000000
-562635.000000
-567605.000000
-572575.000000
-577545.000000
-582515.000000
-587485.000000
-592455.000000
