110.000000
110.000000
110.000000
110.000000
60265.000000
65235.000000
70205.000000
75175.000000
80145.000000
85115.000000
90085.000000
95055.000000
100025.000000
104995.000000
109965.000000
114935.000000
119905.000000
124875.000000
129845.000000
134815.000000
139785.000000
144755.000000
149725.000000
154695.000000
159665.000000
164635.000000
169605.000000
174575.000000
179545.000000
184515.000000
189485.000000
194455.000000
199425.000000
204395.000000
209365.000000
214335.000000
219305.000000
224275.000000
229245.000000
234215.000000
239185.000000
244155.000000
249125.000000
254095.000000
259065.000000
264035.000000
269005.000000
273975.000000
278945.000000
283915.000000
288885.000000
293855.000000
298825.000000
303795.000000
308765.000000
313735.000000
318705.000000
323675.000000
328645.000000
333615.000000
338585.000000
343555.000000
348525.000000
353495.000000
358465.000000
363435.000000
368405.000000
373375.000000
378345.000000
383315.000000
388285.000000
393255.000000
398225.000000
403195.000000
408165.000000
413135.000000
418105.000000
423075.000000
428045.000000
433015.000000
437985.000000
442955.000000
447925.000000
452895.000000
457865.000000
462835.000000
467805.000000
472775.000000
477745.000000
482715.000000
487685.000000
492655.000000
497625.000000
502595.000000
507565.000000
512535.000000
517505.000000
522475.000000
527445.000000
532415.000000
537385.000000
542355.000000
547325.000000
552295.000000
557265.000000
562235.000000
567205.000000
572175.000000
577145.000000
582115.000000
587085.000000
592055.000000
597025.000000
601995.000000
606965.000000
611935.000000
616905.000000
621875.000000
626845.000000
631815.000000
636785.000000
641755.000000
646725.000000
651695.000000
656665.000000
661635.000000
666605.000000
671575.000000
