6950.000000
11540.000000
16130.000000
20720.000000
25310.000000
29900.000000
34490.000000
39080.000000
43670.000000
48260.000000
52850.000000
57440.000000
62030.000000
66620.000000
71210.000000
75800.000000
79120.000000
79120.000000
79120.000000
79120.000000
79120.000000
79120.000000
79120.000000
79120.000000
79120.000000
79120.000000
79120.000000
79120.000000
79120.000000
79120.000000
79120.000000
79120.000000
79120.000000
79120.000000
79120.000000
79120.000000
79120.000000
79120.000000
79120.000000
79120.000000
79120.000000
79120.000000
79120.000000
79120.000000
79120.000000
79120.000000
79120.000000
79120.000000
79120.000000
79120.000000
79120.000000
79120.000000
79120.000000
79120.000000
79120.000000
79120.000000
79120.000000
79120.000000
79120.000000
79120.000000
79120.000000
79120.000000
79120.000000
79120.000000
79120.000000
79120.000000
79120.000000
79120.000000
79120.000000
79120.000000
79120.000000
79120.000000
79120.000000
79120.000000
79120.000000
79120.000000
79120.000000
79120.000000
79120.000000
79120.000000
79120.000000
79120.000000
79120.000000
79120.000000
79120.000000
79120.000000
79120.000000
79120.000000
79120.000000
79120.000000
79120.000000
79120.000000
79120.000000
79120.000000
79120.000000
79120.000000
79120.000000
79120.000000
79120.000000
79120.000000
79120.000000
79120.000000
79120.000000
79120.000000
79120.000000
79120.000000
79120.000000
79120.000000
79120.000000
79120.000000
79120.000000
79120.000000
79120.000000
79120.000000
79120.000000
79120.000000
79120.000000
79120.000000
79120.000000
79120.000000
79120.000000
79120.000000
79120.000000
79120.000000
79120.000000
79120.000000
79120.000000
79120.000000
