57710.000000
189355.000000
266325.000000
343295.000000
420265.000000
497235.000000
574205.000000
651175.000000
728145.000000
805115.000000
882085.000000
959055.000000
1036025.000000
1112995.000000
1189965.000000
1266935.000000
1343905.000000
1420875.000000
1497845.000000
1574815.000000
1651785.000000
1728755.000000
1805725.000000
1882695.000000
1959665.000000
2036635.000000
2113605.000000
2190575.000000
2267545.000000
2344515.000000
2421485.000000
2498455.000000
2575425.000000
2652395.000000
2729365.000000
2806335.000000
2883305.000000
2960275.000000
3037245.000000
3114215.000000
3191185.000000
3268155.000000
3345125.000000
3422095.000000
3499065.000000
3576035.000000
3653005.000000
3729975.000000
3806945.000000
3883915.000000
3960885.000000
4037855.000000
4114825.000000
4191795.000000
4268765.000000
4345735.000000
4422705.000000
4499675.000000
4576645.000000
4653665.000000
4730635.000000
4807605.000000
4884575.000000
4961545.000000
5038515.000000
5115485.000000
5192455.000000
5269425.000000
5346395.000000
5423365.000000
5500335.000000
5577305.000000
5654275.000000
5731245.000000
5808215.000000
5885185.000000
5962155.000000
6039125.000000
6116095.000000
6193065.000000
6270035.000000
6347005.000000
6423975.000000
6500945.000000
6577915.000000
6654885.000000
6731855.000000
6808825.000000
6885795.000000
6962765.000000
7039735.000000
7116705.000000
7193675.000000
7270645.000000
7347615.000000
7424585.000000
7501555.000000
7578525.000000
7655495.000000
7732465.000000
7809435.000000
7886405.000000
7963375.000000
8040345.000000
8117315.000000
8194285.000000
8271255.000000
8348225.000000
8425195.000000
8502165.000000
8579135.000000
8656105.000000
8733075.000000
8810045.000000
8887015.000000
8963985.000000
9040955.000000
9117925.000000
9194895.000000
9271865.000000
9348835.000000
9425805.000000
9502775.000000
9579745.000000
9656715.000000
9733685.000000
9810655.000000
9887625.000000
