21240.000000
-33815.000000
-34195.000000
-34575.000000
-34955.000000
-35335.000000
-35715.000000
-36095.000000
-36475.000000
-36855.000000
-37235.000000
-37615.000000
-37995.000000
-38375.000000
-38755.000000
-39135.000000
-112785.000000
-189755.000000
-266725.000000
-343695.000000
-420665.000000
-497635.000000
-574605.000000
-651575.000000
-728545.000000
-805515.000000
-882485.000000
-959455.000000
-1036425.000000
-1113395.000000
-1190365.000000
-1267335.000000
-1344305.000000
-1421275.000000
-1498245.000000
-1575215.000000
-1652185.000000
-1729155.000000
-1806125.000000
-1883095.000000
-1960065.000000
-2037035.000000
-2114005.000000
-2190975.000000
-2267945.000000
-2344915.000000
-2421885.000000
-2498855.000000
-2575825.000000
-2652795.000000
-2729765.000000
-2806735.000000
-2883705.000000
-2960675.000000
-3037645.000000
-3114615.000000
-3191585.000000
-3268555.000000
-3345525.000000
-3422495.000000
-3499465.000000
-3576435.000000
-3653405.000000
-3730375.000000
-3807345.000000
-3884315.000000
-3961285.000000
-4038255.000000
-4115225.000000
-4192195.000000
-4269165.000000
-4346135.000000
-4423105.000000
-4500075.000000
-4577045.000000
-4654065.000000
-4731035.000000
-4808005.000000
-4884975.000000
-4961945.000000
-5038915.000000
-5115885.000000
-5192855.000000
-5269825.000000
-5346795.000000
-5423765.000000
-5500735.000000
-5577705.000000
-5654675.000000
-5731645.000000
-5808615.000000
-5885585.000000
-5962555.000000
-6039525.000000
-6116495.000000
-6193465.000000
-6270435.000000
-6347405.000000
-6424375.000000
-6501345.000000
-6578315.000000
-6655285.000000
-6732255.000000
-6809225.000000
-6886195.000000
-6963165.000000
-7040135.000000
-7117105.000000
-7194075.000000
-7271045.000000
-7348015.000000
-7424985.000000
-7501955.000000
-7578925.000000
-7655895.000000
-7732865.000000
-7809835.000000
-7886805.000000
-7963775.000000
-8040745.000000
-8117715.000000
-8194685.000000
-8271655.000000
-8348625.000000
-8425595.000000
-8502565.000000
-8579535.000000
-8656505.000000
