78950.000000
155540.000000
232130.000000
308720.000000
385310.000000
461900.000000
538490.000000
615080.000000
691670.000000
768260.000000
844850.000000
921440.000000
998030.000000
1074620.000000
1151210.000000
1227800.000000
1231120.000000
1231120.000000
1231120.000000
1231120.000000
1231120.000000
1231120.000000
1231120.000000
1231120.000000
1231120.000000
1231120.000000
1231120.000000
1231120.000000
1231120.000000
1231120.000000
1231120.000000
1231120.000000
1231120.000000
1231120.000000
1231120.000000
1231120.000000
1231120.000000
1231120.000000
1231120.000000
1231120.000000
1231120.000000
1231120.000000
1231120.000000
1231120.000000
1231120.000000
1231120.000000
1231120.000000
1231120.000000
1231120.000000
1231120.000000
1231120.000000
1231120.000000
1231120.000000
1231120.000000
1231120.000000
1231120.000000
1231120.000000
1231120.000000
1231120.000000
1231170.000000
1231170.000000
1231170.000000
1231170.000000
1231170.000000
1231170.000000
1231170.000000
1231170.000000
1231170.000000
1231170.000000
1231170.000000
1231170.000000
1231170.000000
1231170.000000
1231170.000000
1231170.000000
1231120.000000
1231120.000000
1231120.000000
1231120.000000
1231120.000000
1231120.000000
1231120.000000
1231120.000000
1231120.000000
1231120.000000
1231120.000000
1231120.000000
1231120.000000
1231120.000000
1231120.000000
1231120.000000
1231120.000000
1231120.000000
1231120.000000
1231120.000000
1231120.000000
1231120.000000
1231120.000000
1231120.000000
1231120.000000
1231120.000000
1231120.000000
1231120.000000
1231120.000000
1231120.000000
1231120.000000
1231120.000000
1231120.000000
1231120.000000
1231120.000000
1231120.000000
1231120.000000
1231120.000000
1231120.000000
1231120.000000
1231120.000000
1231120.000000
1231120.000000
1231120.000000
1231120.000000
1231120.000000
1231120.000000
1231120.000000
1231120.000000
1231120.000000
1231120.000000
1231120.000000
1231120.000000
