19310.000000
112555.000000
151125.000000
189695.000000
228265.000000
266835.000000
305405.000000
343975.000000
382545.000000
421115.000000
459685.000000
498255.000000
536825.000000
575395.000000
613965.000000
652535.000000
691105.000000
729675.000000
768245.000000
806815.000000
845385.000000
883955.000000
922525.000000
961095.000000
999665.000000
1038235.000000
1076805.000000
1115375.000000
1153945.000000
1192515.000000
1231085.000000
1269655.000000
1308225.000000
1346795.000000
1385365.000000
1423935.000000
1462505.000000
1501075.000000
1539645.000000
1578215.000000
1616785.000000
1655355.000000
1693925.000000
1732495.000000
1771065.000000
1809635.000000
1848205.000000
1886775.000000
1925345.000000
1963915.000000
2002485.000000
2041055.000000
2079625.000000
2118195.000000
2156765.000000
2195335.000000
2233905.000000
2272475.000000
2311045.000000
2349615.000000
2388185.000000
2426755.000000
2465325.000000
2503895.000000
2542465.000000
2581035.000000
2619605.000000
2658175.000000
2696745.000000
2735315.000000
2773885.000000
2812455.000000
2851025.000000
2889595.000000
2928165.000000
2966735.000000
3005305.000000
3043875.000000
3082445.000000
3121015.000000
3159585.000000
3198155.000000
3236725.000000
3275295.000000
3313865.000000
3352435.000000
3391005.000000
3429575.000000
3468145.000000
3506715.000000
3545285.000000
3583855.000000
3622425.000000
3660995.000000
3699565.000000
3738135.000000
3776705.000000
3815275.000000
3853845.000000
3892415.000000
3930985.000000
3969555.000000
4008125.000000
4046695.000000
4085265.000000
4123835.000000
4162405.000000
4200975.000000
4239545.000000
4278115.000000
4316685.000000
4355255.000000
4393825.000000
4432395.000000
4470965.000000
4509535.000000
4548105.000000
4586675.000000
4625245.000000
4663865.000000
4702435.000000
4741005.000000
4779575.000000
4818145.000000
4856715.000000
4895285.000000
4933855.000000
4972425.000000
