21240.000000
-33815.000000
-34195.000000
-34575.000000
-34955.000000
-35335.000000
-35715.000000
-36095.000000
-36475.000000
-36855.000000
-37235.000000
-37615.000000
-37995.000000
-38375.000000
-38755.000000
-39135.000000
-74385.000000
-112955.000000
-151525.000000
-190095.000000
-228665.000000
-267235.000000
-305805.000000
-344375.000000
-382945.000000
-421515.000000
-460085.000000
-498655.000000
-537225.000000
-575795.000000
-614365.000000
-652935.000000
-691505.000000
-730075.000000
-768645.000000
-807215.000000
-845785.000000
-884355.000000
-922925.000000
-961495.000000
-1000065.000000
-1038635.000000
-1077205.000000
-1115775.000000
-1154345.000000
-1192915.000000
-1231485.000000
-1270055.000000
-1308625.000000
-1347195.000000
-1385765.000000
-1424335.000000
-1462905.000000
-1501475.000000
-1540045.000000
-1578615.000000
-1617185.000000
-1655755.000000
-1694325.000000
-1732895.000000
-1771465.000000
-1810035.000000
-1848605.000000
-1887175.000000
-1925745.000000
-1964315.000000
-2002885.000000
-2041455.000000
-2080025.000000
-2118595.000000
-2157165.000000
-2195735.000000
-2234305.000000
-2272875.000000
-2311445.000000
-2350015.000000
-2388585.000000
-2427155.000000
-2465725.000000
-2504295.000000
-2542865.000000
-2581435.000000
-2620005.000000
-2658575.000000
-2697145.000000
-2735715.000000
-2774285.000000
-2812855.000000
-2851425.000000
-2889995.000000
-2928565.000000
-2967135.000000
-3005705.000000
-3044275.000000
-3082845.000000
-3121415.000000
-3159985.000000
-3198555.000000
-3237125.000000
-3275695.000000
-3314265.000000
-3352835.000000
-3391405.000000
-3429975.000000
-3468545.000000
-3507115.000000
-3545685.000000
-3584255.000000
-3622825.000000
-3661395.000000
-3699965.000000
-3738535.000000
-3777105.000000
-3815675.000000
-3854245.000000
-3892815.000000
-3931385.000000
-3969955.000000
-4008525.000000
-4047095.000000
-4085665.000000
-4124235.000000
-4162805.000000
-4201375.000000
-4239945.000000
-4278515.000000
-4317085.000000
-4355655.000000
