40550.000000
78740.000000
116930.000000
155120.000000
193310.000000
231500.000000
269690.000000
307880.000000
346070.000000
384260.000000
422450.000000
460640.000000
498830.000000
537020.000000
575210.000000
613400.000000
616720.000000
616720.000000
616720.000000
616720.000000
616720.000000
616720.000000
616720.000000
616720.000000
616720.000000
616720.000000
616720.000000
616720.000000
616720.000000
616720.000000
616720.000000
616720.000000
616720.000000
616720.000000
616720.000000
616720.000000
616720.000000
616720.000000
616720.000000
616720.000000
616720.000000
616720.000000
616720.000000
616720.000000
616720.000000
616720.000000
616720.000000
616720.000000
616720.000000
616720.000000
616720.000000
616720.000000
616720.000000
616720.000000
616720.000000
616720.000000
616720.000000
616720.000000
616720.000000
616720.000000
616720.000000
616720.000000
616720.000000
616720.000000
616720.000000
616720.000000
616720.000000
616720.000000
616720.000000
616720.000000
616720.000000
616720.000000
616720.000000
616720.000000
616720.000000
616720.000000
616720.000000
616720.000000
616720.000000
616720.000000
616720.000000
616720.000000
616720.000000
616720.000000
616720.000000
616720.000000
616720.000000
616720.000000
616720.000000
616720.000000
616720.000000
616720.000000
616720.000000
616720.000000
616720.000000
616720.000000
616720.000000
616720.000000
616720.000000
616720.000000
616720.000000
616720.000000
616720.000000
616720.000000
616720.000000
616720.000000
616720.000000
616720.000000
616720.000000
616720.000000
616720.000000
616720.000000
616720.000000
616720.000000
616720.000000
616720.000000
616720.000000
616720.000000
616720.000000
616770.000000
616770.000000
616770.000000
616770.000000
616770.000000
616770.000000
616770.000000
616770.000000
616770.000000
