11640.000000
21030.000000
-34195.000000
-34575.000000
-34955.000000
-35335.000000
-35715.000000
-36095.000000
-36475.000000
-36855.000000
-37235.000000
-37615.000000
-37995.000000
-38375.000000
-38755.000000
-39135.000000
-45585.000000
-55355.000000
-65125.000000
-74895.000000
-84665.000000
-94435.000000
-104205.000000
-113975.000000
-123745.000000
-133515.000000
-143285.000000
-153055.000000
-162825.000000
-172595.000000
-182365.000000
-192135.000000
-201905.000000
-211675.000000
-221445.000000
-231215.000000
-240985.000000
-250755.000000
-260525.000000
-270295.000000
-280065.000000
-289835.000000
-299605.000000
-309375.000000
-319145.000000
-328915.000000
-338685.000000
-348455.000000
-358225.000000
-367995.000000
-377765.000000
-387535.000000
-397305.000000
-407075.000000
-416845.000000
-426615.000000
-436385.000000
-446155.000000
-455925.000000
-465695.000000
-475465.000000
-485235.000000
-495005.000000
-504775.000000
-514545.000000
-524315.000000
-534085.000000
-543855.000000
-553625.000000
-563395.000000
-573165.000000
-582935.000000
-592705.000000
-602475.000000
-612245.000000
-622015.000000
-631785.000000
-641555.000000
-651325.000000
-661095.000000
-670865.000000
-680635.000000
-690405.000000
-700175.000000
-709945.000000
-719715.000000
-729485.000000
-739255.000000
-749025.000000
-758795.000000
-768565.000000
-778335.000000
-788105.000000
-797875.000000
-807645.000000
-817415.000000
-827185.000000
-836955.000000
-846725.000000
-856495.000000
-866265.000000
-876035.000000
-885805.000000
-895575.000000
-905345.000000
-915115.000000
-924885.000000
-934655.000000
-944425.000000
-954195.000000
-963965.000000
-973735.000000
-983505.000000
-993275.000000
-1003045.000000
-1012815.000000
-1022585.000000
-1032355.000000
-1042125.000000
-1051895.000000
-1061665.000000
-1071435.000000
-1081205.000000
-1090975.000000
-1100745.000000
-1110515.000000
-1120285.000000
-1130055.000000
