11750.000000
21140.000000
30530.000000
39920.000000
49310.000000
58700.000000
68090.000000
77480.000000
86870.000000
96260.000000
105650.000000
115040.000000
124430.000000
133820.000000
143210.000000
152600.000000
155920.000000
155920.000000
155920.000000
155920.000000
155920.000000
155920.000000
155920.000000
155920.000000
155920.000000
155920.000000
155920.000000
155920.000000
155920.000000
155920.000000
155920.000000
155920.000000
155920.000000
155920.000000
155920.000000
155920.000000
155920.000000
155920.000000
155920.000000
155920.000000
155920.000000
155920.000000
155920.000000
155920.000000
155920.000000
155920.000000
155920.000000
155920.000000
155920.000000
155920.000000
155920.000000
155920.000000
155920.000000
155920.000000
155920.000000
155920.000000
155920.000000
155920.000000
155920.000000
155920.000000
155920.000000
155920.000000
155920.000000
155920.000000
155920.000000
155920.000000
155920.000000
155920.000000
155920.000000
155920.000000
155920.000000
155920.000000
155920.000000
155920.000000
155920.000000
155920.000000
155920.000000
155920.000000
155920.000000
155920.000000
155920.000000
155920.000000
155920.000000
155920.000000
155920.000000
155920.000000
155920.000000
155920.000000
155920.000000
155920.000000
155920.000000
155920.000000
155920.000000
155920.000000
155920.000000
155920.000000
155920.000000
155920.000000
155920.000000
155920.000000
155920.000000
155920.000000
155920.000000
155920.000000
155920.000000
155920.000000
155920.000000
155920.000000
155920.000000
155920.000000
155920.000000
155920.000000
155920.000000
155920.000000
155920.000000
155920.000000
155920.000000
155920.000000
155920.000000
155920.000000
155920.000000
155920.000000
155920.000000
155920.000000
155920.000000
155920.000000
155920.000000
155920.000000
