110.000000
110.000000
64725.000000
74495.000000
84265.000000
94035.000000
103805.000000
113575.000000
123345.000000
133115.000000
142885.000000
152655.000000
162425.000000
172195.000000
181965.000000
191735.000000
201505.000000
211275.000000
221045.000000
230815.000000
240585.000000
250355.000000
260125.000000
269895.000000
279665.000000
289435.000000
299205.000000
308975.000000
318745.000000
328515.000000
338285.000000
348055.000000
357825.000000
367595.000000
377365.000000
387135.000000
396905.000000
406675.000000
416445.000000
426215.000000
435985.000000
445755.000000
455525.000000
465295.000000
475065.000000
484835.000000
494605.000000
504375.000000
514145.000000
523915.000000
533685.000000
543455.000000
553225.000000
562995.000000
572765.000000
582535.000000
592305.000000
602075.000000
611845.000000
621615.000000
631385.000000
641155.000000
650925.000000
660695.000000
670465.000000
680235.000000
690005.000000
699775.000000
709545.000000
719315.000000
729085.000000
738855.000000
748625.000000
758395.000000
768165.000000
777935.000000
787705.000000
797475.000000
807245.000000
817015.000000
826785.000000
836555.000000
846325.000000
856095.000000
865865.000000
875635.000000
885405.000000
895175.000000
904945.000000
914715.000000
924485.000000
934255.000000
944025.000000
953795.000000
963565.000000
973335.000000
983105.000000
992875.000000
1002645.000000
1012415.000000
1022185.000000
1031955.000000
1041725.000000
1051495.000000
1061265.000000
1071035.000000
1080805.000000
1090575.000000
1100345.000000
1110115.000000
1119885.000000
1129655.000000
1139425.000000
1149195.000000
1158965.000000
1168735.000000
1178505.000000
1188275.000000
1198045.000000
1207815.000000
1217585.000000
1227355.000000
1237125.000000
1246895.000000
1256665.000000
1266435.000000
1276205.000000
1285975.000000
