50.000000
50.000000
110.000000
170.000000
80.000000
140.000000
50.000000
110.000000
170.000000
80.000000
140.000000
50.000000
110.000000
170.000000
80.000000
140.000000
160.000000
160.000000
160.000000
160.000000
160.000000
160.000000
160.000000
160.000000
160.000000
160.000000
160.000000
160.000000
160.000000
160.000000
160.000000
160.000000
160.000000
160.000000
160.000000
160.000000
160.000000
160.000000
160.000000
160.000000
160.000000
160.000000
160.000000
160.000000
160.000000
160.000000
160.000000
160.000000
160.000000
160.000000
160.000000
160.000000
160.000000
160.000000
160.000000
160.000000
160.000000
160.000000
160.000000
160.000000
160.000000
160.000000
160.000000
160.000000
160.000000
160.000000
160.000000
160.000000
160.000000
160.000000
160.000000
160.000000
160.000000
160.000000
160.000000
160.000000
160.000000
160.000000
160.000000
160.000000
160.000000
160.000000
160.000000
160.000000
160.000000
160.000000
160.000000
160.000000
160.000000
160.000000
160.000000
160.000000
160.000000
160.000000
160.000000
160.000000
160.000000
160.000000
160.000000
160.000000
160.000000
160.000000
160.000000
160.000000
160.000000
160.000000
160.000000
160.000000
160.000000
160.000000
160.000000
160.000000
160.000000
160.000000
160.000000
160.000000
160.000000
160.000000
160.000000
160.000000
160.000000
160.000000
160.000000
160.000000
160.000000
160.000000
160.000000
160.000000
