21350.000000
40340.000000
59330.000000
78320.000000
97310.000000
116300.000000
135290.000000
154280.000000
173270.000000
192260.000000
211250.000000
230240.000000
249230.000000
268220.000000
287210.000000
306200.000000
309520.000000
309520.000000
309520.000000
309520.000000
309520.000000
309520.000000
309520.000000
309520.000000
309520.000000
309520.000000
309520.000000
309520.000000
309520.000000
309520.000000
309520.000000
309520.000000
309520.000000
309520.000000
309520.000000
309520.000000
309520.000000
309520.000000
309520.000000
309520.000000
309520.000000
309520.000000
309520.000000
309520.000000
309520.000000
309520.000000
309520.000000
309520.000000
309520.000000
309520.000000
309520.000000
309520.000000
309520.000000
309520.000000
309520.000000
309520.000000
309520.000000
309520.000000
309520.000000
309520.000000
309520.000000
309520.000000
309520.000000
309520.000000
309520.000000
309520.000000
309520.000000
309520.000000
309520.000000
309520.000000
309520.000000
309520.000000
309520.000000
309520.000000
309520.000000
309520.000000
309520.000000
309520.000000
309520.000000
309520.000000
309520.000000
309520.000000
309520.000000
309520.000000
309520.000000
309520.000000
309520.000000
309520.000000
309520.000000
309520.000000
309520.000000
309520.000000
309520.000000
309520.000000
309520.000000
309520.000000
309520.000000
309520.000000
309520.000000
309520.000000
309520.000000
309520.000000
309520.000000
309520.000000
309520.000000
309520.000000
309520.000000
309520.000000
309520.000000
309520.000000
309520.000000
309520.000000
309520.000000
309520.000000
309520.000000
309520.000000
309520.000000
309520.000000
309520.000000
309520.000000
309520.000000
309520.000000
309520.000000
309520.000000
309520.000000
309520.000000
309520.000000
309520.000000
