110.000000
74155.000000
93525.000000
112895.000000
132265.000000
151635.000000
171005.000000
190375.000000
209745.000000
229115.000000
248485.000000
267855.000000
287225.000000
306595.000000
325965.000000
345335.000000
364705.000000
384075.000000
403445.000000
422815.000000
442185.000000
461555.000000
480925.000000
500295.000000
519665.000000
539035.000000
558405.000000
577775.000000
597145.000000
616515.000000
635885.000000
655255.000000
674625.000000
693995.000000
713365.000000
732735.000000
752105.000000
771475.000000
790845.000000
810215.000000
829585.000000
848955.000000
868325.000000
887695.000000
907065.000000
926435.000000
945805.000000
965175.000000
984545.000000
1003915.000000
1023285.000000
1042655.000000
1062025.000000
1081395.000000
1100765.000000
1120135.000000
1139505.000000
1158875.000000
1178245.000000
1197615.000000
1216985.000000
1236355.000000
1255725.000000
1275095.000000
1294465.000000
1313835.000000
1333205.000000
1352575.000000
1371945.000000
1391315.000000
1410685.000000
1430055.000000
1449425.000000
1468795.000000
1488165.000000
1507535.000000
1526905.000000
1546275.000000
1565645.000000
1585015.000000
1604385.000000
1623755.000000
1643125.000000
1662495.000000
1681865.000000
1701235.000000
1720605.000000
1739975.000000
1759345.000000
1778715.000000
1798085.000000
1817455.000000
1836825.000000
1856195.000000
1875565.000000
1894935.000000
1914305.000000
1933675.000000
1953045.000000
1972415.000000
1991785.000000
2011155.000000
2030525.000000
2049895.000000
2069265.000000
2088635.000000
2108005.000000
2127375.000000
2146745.000000
2166115.000000
2185485.000000
2204855.000000
2224225.000000
2243595.000000
2262965.000000
2282335.000000
2301705.000000
2321075.000000
2340445.000000
2359815.000000
2379185.000000
2398555.000000
2417925.000000
2437295.000000
2456665.000000
2476035.000000
2495405.000000
2514775.000000
