21240.000000
-33815.000000
-34195.000000
-34575.000000
-34955.000000
-35335.000000
-35715.000000
-36095.000000
-36475.000000
-36855.000000
-37235.000000
-37615.000000
-37995.000000
-38375.000000
-38755.000000
-39135.000000
-55185.000000
-74555.000000
-93925.000000
-113295.000000
-132665.000000
-152035.000000
-171405.000000
-190775.000000
-210145.000000
-229515.000000
-248885.000000
-268255.000000
-287625.000000
-306995.000000
-326365.000000
-345735.000000
-365105.000000
-384475.000000
-403845.000000
-423215.000000
-442585.000000
-461955.000000
-481325.000000
-500695.000000
-520065.000000
-539435.000000
-558805.000000
-578175.000000
-597545.000000
-616915.000000
-636285.000000
-655655.000000
-675025.000000
-694395.000000
-713765.000000
-733135.000000
-752505.000000
-771875.000000
-791245.000000
-810615.000000
-829985.000000
-849355.000000
-868725.000000
-888095.000000
-907465.000000
-926835.000000
-946205.000000
-965575.000000
-984945.000000
-1004315.000000
-1023685.000000
-1043055.000000
-1062425.000000
-1081795.000000
-1101165.000000
-1120535.000000
-1139905.000000
-1159275.000000
-1178645.000000
-1198015.000000
-1217385.000000
-1236755.000000
-1256125.000000
-1275495.000000
-1294865.000000
-1314235.000000
-1333605.000000
-1352975.000000
-1372345.000000
-1391715.000000
-1411085.000000
-1430455.000000
-1449825.000000
-1469195.000000
-1488565.000000
-1507935.000000
-1527305.000000
-1546675.000000
-1566045.000000
-1585415.000000
-1604785.000000
-1624155.000000
-1643525.000000
-1662895.000000
-1682265.000000
-1701635.000000
-1721005.000000
-1740375.000000
-1759745.000000
-1779115.000000
-1798485.000000
-1817855.000000
-1837225.000000
-1856595.000000
-1875965.000000
-1895335.000000
-1914705.000000
-1934075.000000
-1953445.000000
-1972815.000000
-1992185.000000
-2011555.000000
-2030925.000000
-2050295.000000
-2069665.000000
-2089035.000000
-2108405.000000
-2127775.000000
-2147145.000000
-2166515.000000
-2185885.000000
-2205255.000000
