134510.000000
342955.000000
496725.000000
650495.000000
804265.000000
958035.000000
1111805.000000
1265575.000000
1419345.000000
1573115.000000
1726885.000000
1880655.000000
2034425.000000
2188195.000000
2341965.000000
2495735.000000
2649505.000000
2803275.000000
2957045.000000
3110815.000000
3264585.000000
3418355.000000
3572125.000000
3725895.000000
3879665.000000
4033435.000000
4187205.000000
4340975.000000
4494745.000000
4648565.000000
4802335.000000
4956105.000000
5109875.000000
5263645.000000
5417415.000000
5571185.000000
5724955.000000
5878725.000000
6032495.000000
6186265.000000
6340035.000000
6493805.000000
6647575.000000
6801345.000000
6955115.000000
7108885.000000
7262655.000000
7416425.000000
7570195.000000
7723965.000000
7877735.000000
8031505.000000
8185275.000000
8339045.000000
8492815.000000
8646585.000000
8800355.000000
8954125.000000
9107895.000000
9261665.000000
9415435.000000
9569205.000000
9722975.000000
9876745.000000
10030515.000000
10184285.000000
10338055.000000
10491825.000000
10645595.000000
10799365.000000
10953135.000000
11106905.000000
11260675.000000
11414445.000000
11568215.000000
11721985.000000
11875755.000000
12029525.000000
12183295.000000
12337065.000000
12490835.000000
12644605.000000
12798375.000000
12952145.000000
13105915.000000
13259685.000000
13413455.000000
13567225.000000
13720995.000000
13874765.000000
14028535.000000
14182305.000000
14336075.000000
14489895.000000
14643665.000000
14797435.000000
14951205.000000
15104975.000000
15258745.000000
15412515.000000
15566285.000000
15720055.000000
15873825.000000
16027595.000000
16181365.000000
16335135.000000
16488905.000000
16642675.000000
16796445.000000
16950215.000000
17103985.000000
17257755.000000
17411525.000000
17565295.000000
17719065.000000
17872835.000000
18026605.000000
18180375.000000
18334145.000000
18487915.000000
18641685.000000
18795455.000000
18949225.000000
19102995.000000
19256765.000000
19410535.000000
19564305.000000
19718075.000000
