155750.000000
309140.000000
462530.000000
615920.000000
769310.000000
922700.000000
1076090.000000
1229480.000000
1382870.000000
1536260.000000
1689650.000000
1843040.000000
1996430.000000
2149820.000000
2303210.000000
2456600.000000
2459920.000000
2459920.000000
2459920.000000
2459920.000000
2459920.000000
2459920.000000
2459920.000000
2459920.000000
2459920.000000
2459920.000000
2459920.000000
2459920.000000
2459920.000000
2459970.000000
2459970.000000
2459970.000000
2459970.000000
2459970.000000
2459970.000000
2459970.000000
2459970.000000
2459970.000000
2459970.000000
2459970.000000
2459970.000000
2459970.000000
2459970.000000
2459970.000000
2459970.000000
2459920.000000
2459920.000000
2459920.000000
2459920.000000
2459920.000000
2459920.000000
2459920.000000
2459920.000000
2459920.000000
2459920.000000
2459920.000000
2459920.000000
2459920.000000
2459920.000000
2459920.000000
2459920.000000
2459920.000000
2459920.000000
2459920.000000
2459920.000000
2459920.000000
2459920.000000
2459920.000000
2459920.000000
2459920.000000
2459920.000000
2459920.000000
2459920.000000
2459920.000000
2459920.000000
2459920.000000
2459920.000000
2459920.000000
2459920.000000
2459920.000000
2459920.000000
2459920.000000
2459920.000000
2459920.000000
2459920.000000
2459920.000000
2459920.000000
2459920.000000
2459920.000000
2459920.000000
2459920.000000
2459920.000000
2459920.000000
2459970.000000
2459970.000000
2459970.000000
2459970.000000
2459970.000000
2459970.000000
2459970.000000
2459970.000000
2459970.000000
2459970.000000
2459970.000000
2459970.000000
2459970.000000
2459970.000000
2459970.000000
2459970.000000
2459920.000000
2459920.000000
2459920.000000
2459920.000000
2459920.000000
2459920.000000
2459920.000000
2459920.000000
2459920.000000
2459920.000000
2459920.000000
2459920.000000
2459920.000000
2459920.000000
2459920.000000
2459920.000000
2459920.000000
2459920.000000
2459920.000000
