21240.000000
-33815.000000
-34195.000000
-34575.000000
-34955.000000
-35335.000000
-35715.000000
-36095.000000
-36475.000000
-36855.000000
-37235.000000
-37615.000000
-37995.000000
-38375.000000
-38755.000000
-39135.000000
-189585.000000
-343355.000000
-497125.000000
-650895.000000
-804665.000000
-958435.000000
-1112205.000000
-1265975.000000
-1419745.000000
-1573515.000000
-1727285.000000
-1881055.000000
-2034825.000000
-2188595.000000
-2342365.000000
-2496135.000000
-2649905.000000
-2803675.000000
-2957445.000000
-3111215.000000
-3264985.000000
-3418755.000000
-3572525.000000
-3726295.000000
-3880065.000000
-4033835.000000
-4187605.000000
-4341375.000000
-4495145.000000
-4648965.000000
-4802735.000000
-4956505.000000
-5110275.000000
-5264045.000000
-5417815.000000
-5571585.000000
-5725355.000000
-5879125.000000
-6032895.000000
-6186665.000000
-6340435.000000
-6494205.000000
-6647975.000000
-6801745.000000
-6955515.000000
-7109285.000000
-7263055.000000
-7416825.000000
-7570595.000000
-7724365.000000
-7878135.000000
-8031905.000000
-8185675.000000
-8339445.000000
-8493215.000000
-8646985.000000
-8800755.000000
-8954525.000000
-9108295.000000
-9262065.000000
-9415835.000000
-9569605.000000
-9723375.000000
-9877145.000000
-10030915.000000
-10184685.000000
-10338455.000000
-10492225.000000
-10645995.000000
-10799765.000000
-10953535.000000
-11107305.000000
-11261075.000000
-11414845.000000
-11568615.000000
-11722385.000000
-11876155.000000
-12029925.000000
-12183695.000000
-12337465.000000
-12491235.000000
-12645005.000000
-12798775.000000
-12952545.000000
-13106315.000000
-13260085.000000
-13413855.000000
-13567625.000000
-13721395.000000
-13875165.000000
-14028935.000000
-14182705.000000
-14336475.000000
-14490295.000000
-14644065.000000
-14797835.000000
-14951605.000000
-15105375.000000
-15259145.000000
-15412915.000000
-15566685.000000
-15720455.000000
-15874225.000000
-16027995.000000
-16181765.000000
-16335535.000000
-16489305.000000
-16643075.000000
-16796845.000000
-16950615.000000
-17104385.000000
-17258155.000000
