1700.000000
3210.000000
4720.000000
6090.000000
7080.000000
8070.000000
9060.000000
10050.000000
11040.000000
12030.000000
13020.000000
14010.000000
15000.000000
15990.000000
16980.000000
17970.000000
-39515.000000
-39895.000000
-40275.000000
-41175.000000
-42545.000000
-43915.000000
-45285.000000
-46655.000000
-48025.000000
-49395.000000
-50765.000000
-52135.000000
-53505.000000
-54875.000000
-56245.000000
-57615.000000
-58985.000000
-60355.000000
-61725.000000
-63095.000000
-64465.000000
-65835.000000
-67205.000000
-68575.000000
-69945.000000
-71315.000000
-72685.000000
-74055.000000
-75425.000000
-76795.000000
-78165.000000
-79535.000000
-80905.000000
-82275.000000
-83645.000000
-85015.000000
-86385.000000
-87755.000000
-89125.000000
-90495.000000
-91865.000000
-93235.000000
-94605.000000
-95975.000000
-97345.000000
-98715.000000
-100085.000000
-101455.000000
-102825.000000
-104195.000000
-105565.000000
-106935.000000
-108305.000000
-109675.000000
-111045.000000
-112415.000000
-113785.000000
-115155.000000
-116525.000000
-117895.000000
-119265.000000
-120635.000000
-122005.000000
-123375.000000
-124745.000000
-126115.000000
-127485.000000
-128855.000000
-130225.000000
-131595.000000
-132965.000000
-134335.000000
-135705.000000
-137075.000000
-138445.000000
-139815.000000
-141185.000000
-142555.000000
-143925.000000
-145295.000000
-146665.000000
-148035.000000
-149405.000000
-150775.000000
-152145.000000
-153515.000000
-154885.000000
-156255.000000
-157625.000000
-158995.000000
-160365.000000
-161735.000000
-163105.000000
-164475.000000
-165845.000000
-167215.000000
-168585.000000
-169955.000000
-171325.000000
-172695.000000
-174065.000000
-175435.000000
-176805.000000
-178175.000000
-179545.000000
-180915.000000
-182285.000000
-183655.000000
-185025.000000
-186395.000000
-187765.000000
-189135.000000
