1810.000000
3320.000000
4830.000000
6200.000000
7190.000000
8180.000000
9170.000000
10160.000000
11150.000000
12140.000000
13130.000000
14120.000000
15110.000000
16100.000000
17090.000000
18080.000000
19070.000000
20060.000000
21050.000000
21520.000000
21520.000000
21520.000000
21520.000000
21520.000000
21520.000000
21520.000000
21520.000000
21520.000000
21520.000000
21520.000000
21520.000000
21520.000000
21520.000000
21520.000000
21520.000000
21520.000000
21520.000000
21520.000000
21520.000000
21520.000000
21520.000000
21520.000000
21520.000000
21520.000000
21520.000000
21520.000000
21520.000000
21520.000000
21520.000000
21520.000000
21520.000000
21520.000000
21520.000000
21520.000000
21520.000000
21520.000000
21520.000000
21520.000000
21520.000000
21520.000000
21520.000000
21520.000000
21520.000000
21520.000000
21520.000000
21520.000000
21520.000000
21520.000000
21520.000000
21520.000000
21520.000000
21520.000000
21520.000000
21520.000000
21520.000000
21520.000000
21520.000000
21520.000000
21520.000000
21520.000000
21520.000000
21520.000000
21520.000000
21520.000000
21520.000000
21520.000000
21520.000000
21520.000000
21520.000000
21520.000000
21520.000000
21520.000000
21520.000000
21520.000000
21520.000000
21520.000000
21520.000000
21520.000000
21520.000000
21520.000000
21520.000000
21520.000000
21520.000000
21520.000000
21520.000000
21520.000000
21520.000000
21520.000000
21520.000000
21520.000000
21520.000000
21520.000000
21520.000000
21520.000000
21520.000000
21520.000000
21520.000000
21520.000000
21520.000000
21520.000000
21520.000000
21520.000000
21520.000000
21520.000000
21520.000000
21520.000000
21520.000000
21520.000000
