110.000000
110.000000
110.000000
110.000000
110.000000
110.000000
110.000000
110.000000
110.000000
110.000000
110.000000
110.000000
110.000000
110.000000
110.000000
110.000000
58585.000000
59955.000000
61325.000000
62695.000000
64065.000000
65435.000000
66805.000000
68175.000000
69545.000000
70915.000000
72285.000000
73655.000000
75025.000000
76395.000000
77765.000000
79135.000000
80505.000000
81875.000000
83245.000000
84615.000000
85985.000000
87355.000000
88725.000000
90095.000000
91465.000000
92835.000000
94205.000000
95575.000000
96945.000000
98315.000000
99685.000000
101055.000000
102425.000000
103795.000000
105165.000000
106535.000000
107905.000000
109275.000000
110645.000000
112015.000000
113385.000000
114755.000000
116125.000000
117495.000000
118865.000000
120235.000000
121605.000000
122975.000000
124345.000000
125715.000000
127085.000000
128455.000000
129825.000000
131195.000000
132565.000000
133935.000000
135305.000000
136675.000000
138045.000000
139415.000000
140785.000000
142155.000000
143525.000000
144895.000000
146265.000000
147635.000000
149005.000000
150375.000000
151745.000000
153115.000000
154485.000000
155855.000000
157225.000000
158595.000000
159965.000000
161335.000000
162705.000000
164075.000000
165445.000000
166815.000000
168185.000000
169555.000000
170925.000000
172295.000000
173665.000000
175035.000000
176405.000000
177775.000000
179145.000000
180515.000000
181885.000000
183255.000000
184625.000000
185995.000000
187365.000000
188735.000000
190105.000000
191475.000000
192845.000000
194215.000000
195585.000000
196955.000000
198325.000000
199695.000000
201065.000000
202435.000000
203805.000000
205175.000000
206545.000000
207915.000000
209285.000000
210655.000000
