160.000000
160.000000
220.000000
280.000000
190.000000
240.000000
150.000000
210.000000
270.000000
180.000000
230.000000
290.000000
200.000000
260.000000
170.000000
220.000000
280.000000
190.000000
250.000000
270.000000
270.000000
270.000000
270.000000
270.000000
270.000000
270.000000
270.000000
270.000000
270.000000
270.000000
270.000000
270.000000
270.000000
270.000000
270.000000
270.000000
270.000000
270.000000
270.000000
270.000000
270.000000
270.000000
270.000000
270.000000
270.000000
270.000000
270.000000
270.000000
270.000000
270.000000
270.000000
270.000000
270.000000
270.000000
270.000000
270.000000
270.000000
270.000000
270.000000
270.000000
270.000000
270.000000
270.000000
270.000000
270.000000
270.000000
270.000000
270.000000
270.000000
270.000000
270.000000
270.000000
270.000000
270.000000
270.000000
270.000000
270.000000
270.000000
270.000000
270.000000
270.000000
270.000000
270.000000
270.000000
270.000000
270.000000
270.000000
270.000000
270.000000
270.000000
270.000000
270.000000
270.000000
270.000000
270.000000
270.000000
270.000000
270.000000
270.000000
270.000000
270.000000
270.000000
270.000000
270.000000
270.000000
270.000000
270.000000
270.000000
270.000000
270.000000
270.000000
270.000000
270.000000
270.000000
270.000000
270.000000
270.000000
270.000000
270.000000
270.000000
270.000000
270.000000
270.000000
270.000000
270.000000
270.000000
270.000000
270.000000
